% additional filenames 
% Author- Abhishek De, 7/18
          
Input_List1 = {'N021915003.nex';'N022715002.nex';'N040415002.nex';'N050415001.nex';'N041115001.nex';'N050215001-header-merge.nex';...
    'N050215002.nex';'N050415002.nex';'N060515002.nex';'N060615002.nex';'N060615005.nex';'N060815001.nex';...
    'N060815006.nex';'N061615001.nex';'N061715002.nex';'N061715004.nex';'N062315002.nex';'N063015002.nex';...
    'N063015003.nex';'N070115001.nex';'N070715005.nex';'N071015003.nex';'N071015004.nex';'N071615002.nex';...
    'N071815001.nex';'N072215003.nex';'N072615002.nex';'N072815001.nex';'N073015003.nex';'N073015004.nex';...
    'N080715002.nex';'N080715003.nex';'N081015001.nex';'N081115002.nex';'N081215002.nex';'N081515001.nex';...
    'N081515003.nex';'N081715001.nex';'N081715002.nex';'N082015002.nex';'P050116001.nex';'P052016002.nex';...
    'P052316005.nex';'P052816003.nex';'P052916001.nex';'P072716002.nex';'P072816001.nex';'P072816004.nex';...
    'P080116002.nex';'P080216003.nex';'P080316001.nex';'P080516003.nex';'P080816001.nex';'P080816003.nex';...
    'P081616002.nex';'P032916001.nex';'P033116001.nex';'P042816002.nex';'P051916001.nex';'P052316004.nex';...
    'P052816001.nex';'P072816002.nex';'P080216001.nex';'P080616001.nex';'P081016004.nex';'P081116001.nex';...
    'P081516002.nex';'P081716002.nex';'P081716003.nex';'P082616002.nex';'P081716001.nex';'P082216001.nex';...
    'P082216002.nex';'P081516002.nex';'M113016005.nex';'M113016006.nex';'M120716002.nex';'M120916002.nex';...
    'M121716002.nex';'M121816002.nex';'M121816003.nex';'M121816006.nex';'M121916002.nex';'M121916003.nex';...
    'M120116002.nex';'M120216001.nex';'M120216002.nex';'M120916003.nex';'M121216001.nex';'M121616004.nex';...
    'M121916001.nex';'M122016003.nex';'M122116001.nex';'M122316002.nex';'M122416004.nex';'M122616001.nex';...
    'M122916001.nex';'M123116004.nex';'M010117004.nex';'M010217001.nex';'M010317003.nex';'M010317004.nex';...
    'M010617003.nex';'M010917001.nex';'M122416001.nex';'M122416005.nex';'M122616002.nex';'M122516003.nex';...
    'M122516001.nex';'M122516004.nex';'M010117001.nex';'M010317001.nex';'M010317002.nex';'M010617002.nex'};
          
filenamegun = [Input_List1];
save filenamegun filenamegun